Episode,TimeStep,Reward,Memory,EpsilonEpisode,TimeStep,Reward,Memory,EpsilonEpisode,TimeStep,Reward,Memory,Epsilon
1,837,-10.015789473683947,837,1
2,1727,-107.94136546184826,2564,0.99
3,873,-10.079922779922514,3437,0.9801Episode,TimeStep,Reward,Memory,Epsilon
1,840,-10.056338028168755,840,1
2,1597,-10.040136054421572,2437,0.99
3,867,-10.05766423357636,3304,0.9801
4,801,-10.099999999999858,4105,0.9702989999999999
5,867,-10.05766423357636,4972,0.96059601
6,1686,-10.023948220064582,6658,0.9509900498999999Episode,TimeStep,Reward,Memory,Epsilon
1,741,-10.075609756097512,741,1Episode,TimeStep,Reward,Memory,Epsilon
1,825,-10.086206896551502,825,1Episode,TimeStep,Reward,Memory,Epsilon
1,843,-10.095053003533302,843,1
2,707,-10.00635838150281,1550,0.99
3,827,-10.035640138408066,2377,0.9801
4,881,-10.03308550185845,3258,0.9702989999999999
5,797,-10.013588850173976,4055,0.96059601
6,820,-10.082191780821706,4875,0.9509900498999999
7,791,-10.021052631578849,5666,0.9414801494009999
8,902,-10.047328244274512,6568,0.9320653479069899
9,1544,-10.070103092783254,8112,0.92274469442792
10,934,-10.06666666666673,9046,0.9135172474836407
11,791,-10.02105263157885,9837,0.9043820750088043
12,859,-10.087725631768686,10696,0.8953382542587163
13,835,-10.07342657342631,11531,0.8863848717161291
14,781,-10.072789115646074,12312,0.8775210229989678
15,729,-10.025748502993956,13041,0.8687458127689781
16,727,-10.013432835820836,13768,0.8600583546412883
17,835,-10.07342657342631,14603,0.8514577710948754
18,822,-10.035051546391534,15425,0.8429431933839266
19,927,-10.022834645669002,16352,0.8345137614500874
20,682,-10.060465116279012,17034,0.8261686238355865
21,796,-10.063576158940283,17830,0.8179069375972307
22,765,-10.044303797468288,18595,0.8097278682212583
23,820,-10.082191780821704,19415,0.8016305895390458
24,979,-10.033891213389285,20394,0.7936142836436553
25,801,-10.099999999999858,21195,0.7856781408072188
26,881,-10.03308550185845,22076,0.7778213593991465
27,1125,-10.015527950310407,23201,0.7700431458051551
28,767,-10.033333333333236,23968,0.7623427143471035
29,1647,-10.02374100719373,25615,0.7547192872036325
30,1389,-10.08644067796593,27004,0.7471720943315961
31,1374,-10.059176029962167,28378,0.7397003733882802
32,870,-10.076923076922812,29248,0.7323033696543974
33,812,-10.025622775800455,30060,0.7249803359578534
34,761,-10.093399339933878,30821,0.7177305325982748
35,805,-10.030201342281721,31626,0.7105532272722921
36,798,-10.032558139534757,32424,0.7034476949995692
37,794,-10.09306930693058,33218,0.6964132180495735
38,1545,-10.05555555555512,34763,0.6894490858690777
39,859,-10.087725631768686,35622,0.682554595010387
40,1399,-10.075438596490796,37021,0.6757290490602831
41,1780,-10.089552238805656,38801,0.6689717585696803
42,832,-10.029268292682676,39633,0.6622820409839835
43,664,-10.06197183098584,40297,0.6556592205741436
44,815,-10.071428571428385,41112,0.6491026283684022
45,708,-10.009726443768947,41820,0.6426116020847181
46,812,-10.01355932203372,42632,0.6361854860638709
47,815,-10.071428571428385,43447,0.6298236312032323
48,1969,-10.048788927335234,45416,0.6235253948912
49,1494,-10.055737704918798,46910,0.617290140942288
50,815,-10.071428571428383,47725,0.6111172395328651
51,1730,-10.037037037036665,49455,0.6050060671375365
52,1647,-10.023741007193712,51102,0.5989560064661611
53,875,-10.009225092250649,51977,0.5929664464014994
54,822,-10.035051546391532,52799,0.5870367819374844
55,790,-10.034482758620472,53589,0.5811664141181095
56,776,-10.032432432432255,54365,0.5753547499769285
57,803,-10.065886287625272,55168,0.5696012024771592
58,836,-10.070588235293865,56004,0.5639051904523876
59,801,-10.099999999999858,56805,0.5582661385478638
60,803,-10.065886287625272,57608,0.5526834771623851
61,759,-10.069278996865147,58367,0.5471566423907612
62,778,-10.058064516128958,59145,0.5416850759668536
63,789,-10.047540983606455,59934,0.536268225207185
64,837,-10.015789473683947,60771,0.5309055429551132
65,1720,-107.90000000000084,62491,0.525596487525562
66,716,-10.016422287389963,63207,0.5203405226503064
67,796,-10.063576158940279,64003,0.5151371174238033
68,808,-10.092929292929126,64811,0.5099857462495653
69,1830,-10.067669172932074,66641,0.5048858887870696
70,812,-10.01355932203372,67453,0.4998370298991989
71,853,-10.031182795698665,68306,0.49483865960020695
72,1651,-104.66244725738524,69957,0.4898902730042049
73,812,-10.01355932203372,70769,0.48499137027416284
74,1789,-10.025827814569425,72558,0.4801414565714212
75,1308,-10.045283018867561,73866,0.475340042005707
76,780,-10.038834951456224,74646,0.47058664158564995
77,754,-10.040522875816897,75400,0.4658807751697934
78,848,-10.066903914590478,76248,0.4612219674180955
79,781,-10.07278911564607,77029,0.45660974774391455
80,752,-10.053420195439644,77781,0.4520436502664754
81,815,-10.071428571428385,78596,0.44752321376381066
82,810,-10.054054054053875,79406,0.44304798162617254
83,820,-10.082191780821704,80226,0.4386175018099108
84,1813,-10.093774319066597,82039,0.4342313267918117
85,803,-10.065886287625272,82842,0.4298890135238936
86,743,-10.079816513761418,83585,0.42559012338865465
87,812,-10.025622775800455,84397,0.4213342221547681
88,856,-10.060431654676002,85253,0.41712087993322045
89,817,-10.027645051194334,86070,0.41294967113388825
90,707,-10.09393939393935,86777,0.40882017442254937
91,778,-10.003389830508297,87555,0.4047319726783239
92,835,-10.07342657342631,88390,0.40068465295154065
93,737,-10.063636363636315,89127,0.39667780642202527
94,1281,-10.04444444444409,90408,0.392711028357805
95,918,-10.087937743190363,91326,0.38878391807422696
96,769,-10.021019108280177,92095,0.3848960788934847
97,780,-10.038834951456224,92875,0.38104711810454983
98,1264,-10.0477987421382,94139,0.37723664692350434
99,1186,-10.047368421052546,95325,0.37346428045426927
100,780,-10.038834951456224,96105,0.36972963764972655
101,1314,-10.07647058823488,97419,0.36603234127322926
102,1865,-10.029411764705497,99284,0.36237201786049694
103,781,-10.07278911564607,100065,0.358748297681892
104,789,-10.047540983606456,100854,0.35516081470507305
105,843,-10.095053003533302,101697,0.3516092065580223
106,791,-10.021052631578847,102488,0.34809311449244207
107,798,-10.032558139534759,103286,0.34461218334751764
108,805,-10.030201342281723,104091,0.34116606151404244
109,1475,-10.095419847327982,105566,0.337754400898902Episode,TimeStep,Reward,Memory,Epsilon
1,687,-10.048973607038064,687,1
2,864,-10.036363636363358,1551,0.995
3,794,-10.093069306930582,2345,0.990025
4,927,-10.022834645669002,3272,0.985074875
5,783,-10.04061433447079,4055,0.9801495006250001
6,881,-10.03308550185845,4936,0.9752487531218751
7,795,-10.055555555555317,5731,0.9703725093562657
8,893,-10.054716981131785,6624,0.9655206468094844
9,840,-10.056338028168755,7464,0.960693043575437
10,807,-10.028621908126954,8271,0.9558895783575597Episode,TimeStep,Reward,Memory,Epsilon
1,1849,-30.01784511784511,1849,1
2,1022,-30.035051546391713,2871,0.995Episode,TimeStep,Reward,Memory,Epsilon
1,1801,-10.031972789115386,1801,1